seed = 5

[data]
path = 'data/medical'
y_policy = 'mean_std'

[fit]
early_stopping_rounds = 50
verbose = true

[model]
colsample_bytree = 0.5797774461035404
learning_rate = 0.01382326571792293
min_child_samples = 98
min_child_weight = 0.0004907863716984355
n_estimators = 2000
n_jobs = 1
num_leaves = 40
reg_lambda = 0.0003157693074141647
subsample = 0.5283040407458859
